27,1
27,3
26,1
26,3
24,1
24,3
0,273
0,270
3,2
3,1
3,3
10,254
10,89
10,28
10,18
10,73
10,176
10,287
10,115
11,19
11,28
11,21
9,5
9,2
9,3
8,10
8,14
8,6
8,13
8,7
8,2
8,3
0,316
60,4
60,3
60,2
60,1
60,0
59,4
59,3
59,2
59,1
59,0
58,4
58,3
58,2
58,1
58,0
53,4
53,3
53,2
53,1
53,0
52,4
52,3
52,2
52,1
52,0
50,5
50,4
50,3
50,2
50,1
50,0
47,5
47,4
47,3
47,2
47,1
47,0
45,5
45,4
45,3
45,2
45,1
45,0
43,5
43,4
43,3
43,2
43,1
33,3
33,1
30,3
30,1
29,3
29,1
28,3
28,1
25,3
25,1
23,3
23,1
20,3
20,2
20,1
19,3
19,2
19,1
18,3
18,1
14,3
14,1
13,1
12,3
13,3
12,2
12,1
11,26
11,23
11,18
11,17
11,16
11,15
11,13
11,11
11,9
11,8
11,7
